3988.621,1315.766
3889.333,1048.726
3141.659,1228.848
3843.988,1083.576
3991.961,1326.046
4030.303,1227.511
3187.255,1306.73
3195.367,1318.072
4012.689,1328.741
3155.765,1243.825
3205.281,1321.949
3315.489,1300.797
4051.8,1312.277
4022.195,1238.206
3707.086,1296.165
3322.89,1310.214
4042.813,1311.004
3853.96,1078.482
3310.093,1301.022
3935.952,1049.871
4038.048,1330.593
3929.99,1056.559
3180.84,1300.178
3338.631,1295.129
4019.403,1335.085
4006.16,1337.891
3205.634,1330.197
3307.035,1311.171
4056.019,1180.076
4005.49,1287.853
3922.789,1051.9
4053.917,1180.258
3140.653,1238.314
3998.862,1328.069
3997.145,1332.799
4005.621,1339.702
3276.545,1327.411
3394.794,1310.673
3295.553,1317.493
3220.423,1330.218
4048.413,1322.375
4007.056,1299.956
3108.388,1231.168
4040.024,1340.474
4013.604,1288.874
3295.042,1322.287
4002.335,1318.833
3213.355,1334.165
3274.177,1326.467
4003.857,1315.435
3333.91,1305.998
3109.925,1252.904
3980.595,1323.691
4033.131,1319.263
3992.6,1342.114
3156.102,1260.752
3986.83,1330.82
4000.498,1316.946
4004.169,1298.145
3995.878,1293.647
3944.185,1054.429
4020.581,1083.105
3474.8,1318.823
3342.207,1306.978
4028.879,1320.121
4023.024,1316.516
3989.52,1265.102
3979.234,1326.959
3504.365,1324.734
3284.999,1316.977
3127.481,1484.587
3999.902,1227.469
3335.86,1305.953
3476.586,1317.824
4039.993,1204.817
3946.481,1055.657
3135.938,1228.434
4053.943,1339.464
4039.736,1206.521
3980.582,1319.16
3591.586,1321.015
4022.894,1216.678
4047.132,1303.885
3157.889,1258.455
3177.251,1287.793
3989.397,1304.263
3212.812,1336.566
3133.249,1416.796
4029.234,1207.989
3110.129,1255.579
4020.552,1338.201
3568.418,1323.982
3914.373,1058.282
4026.545,1208.205
3915.592,1057.978
3192.334,1448.981
3517.499,1323.574
3155.541,1251.342
3872.561,1066.683
3175.928,1294.96
3112.233,1507.36
3124.034,1419.107
4049.159,1187.07
4048.535,1193.777
3298.916,1328.594
4065.393,1330.545
3300.141,1482.087
3255.481,1361.414
4078.889,1344.488
4004.976,1228.421
3707.007,2185.183
3141.301,1248.63
3115.914,1484.684
3846.962,1094.834
4044.898,1193.171
3250.835,1334.844
3741.185,2179.759
4027.662,1333.435
4050.504,1161.235
4038.565,1127.809
3152.065,1423.836
3292.171,1394.378
3267.21,1358.356
3906.225,1821.586
3988.678,1337.348
3143.121,1255.434
3868.052,1081.52
3150.132,1230.054
3270.805,1809.09
3197.944,1457.024
4019.567,1245.974
3158.962,1254.274
3100.033,1250.199
3311.201,1448.478
3268.112,1336.205
3160.051,1427.788
3501.475,1325.548
4055.849,1138.347
3867.278,1078.407
3192.927,1451.274
4056.231,1171.956
3308.809,1435.132
3297.402,1303.243
4058.53,1161.473
3302.238,1405.952
3154.269,1268.532
3663.353,1276.494
3164.8,1259.138
3580.484,1335.037
3970.961,2012.552
4010.032,1242.6
4054.076,1162.258
3978.884,1279.434
3308.838,1446.51
3316.288,1955.544
3731.545,2185.014
3112.59,1421.786
3099.282,1248.364
3591.715,2135.689
3979.637,1285.367
3501.229,1327.063
3984.908,1296.216
3694.928,2188.405
3466.121,1324.573
4048.511,1172.074
3496.396,1328.877
3419.272,1311.818
3255.002,1485.552
3126.481,1471.258
3528.945,1331.692
3661.804,1279.508
4049.492,1178.339
3864.865,1083.037
3954.744,1063.785
4030.203,1237.312
3908.994,1060.242
4018.529,1294.501
4017.113,1225.486
4008.685,1233.735
3660.612,1281.032
3115.327,1458.26
3900.081,1056.405
3589.729,1332.662
3140.533,1415.607
4097.136,1789.869
3143.792,1665.939
4046.162,1345.993
4003.66,1075.206
3834.151,1095.247
4002.041,1243.019
3123.536,1522.07
3192.933,1447.461
3839.641,1095.618
3462.047,1317.443
3137.313,1650.028
3908.587,1045.435
3984.921,1297.546
3304.912,1416.757
3494.111,1335.808
3679.911,2182.617
3976.364,1289.965
3306.142,1433.45
3612.299,1328.256
3119.797,1515.38
3176.371,1336.333
4153.976,1354.351
3862.157,1091.18
3593.516,2137.77
3145.581,1666.228
4010.939,1242.589
3138.755,1257.504
3732.638,2189.673
3799.313,1139.649
3549.017,1333.366
3317.833,1966.13
3739.063,1292.454
3268.695,1339.53
3152.679,1229.727
3198.46,1307.546
3337.68,1309.587
3355.083,1295.276
3698.587,2172.776
4012.405,1228.657
3689.922,2180.582
3196.593,1328.552
3831.039,1095.287
3779.661,1671.559
3285.374,1877.708
3199.804,1306.322
3936.125,1062.991
3370.986,1302.139
3594.529,1344.596
4013.228,1072.356
3140.646,1220.308
4021.869,1208.008
3978.728,1249.831
3170.255,1258.854
3772.967,1171.676
3487.346,1325.071
3140.162,1424.111
3994.929,1067.908
3155.997,1420.978
4015.032,1221.121
3974.533,1066.894
3459.361,1317.713
3165.104,1268.037
3810.595,1126.908
3131.688,1215.968
3597.625,1316.059
3236.248,1379.616
4015.643,1244.367
3693.91,1331.586
3983.07,1305.39
3296.394,1921.043
3359.259,1314.606
3183.14,1444.674
3319.118,1978.005
3165.811,1430.631
3174.37,1327.128
3308.778,1491.283
3693.316,1761.841
3855.202,1555.396
3530.527,1334.995
3991.913,1325.289
4041.821,1223.181
4000.665,1244.794
3996.375,1247.803
4006.686,1217
3684.59,1253.704
3624.608,2192.655
3260.878,1339.028
3583.695,2142.613
4051.356,1117.338
3282.295,1853.183
3581.105,2141.736
3732.025,2201.542
3807.771,1128.295
3994.348,1333.723
3997.937,1237.025
3269.231,1344.379
3628.425,1319.079
3781.008,1786.087
4041.035,1227.156
3227.373,1341.682
4011.776,1247.444
3133.024,1234.063
3820.834,1121.027
3375.384,1324.519
4034.255,1094.237
3154.743,1672.366
3227.266,1466.991
3988.073,1244.053
3118.885,1499.981
3274.214,1857.917
3456.271,1316.36
3478.057,2133.249
3936.841,1041.351
3658.765,2143.325
3739.956,2188.049
4125.224,2031.405
3728.956,1282.593
3638.799,1322.238
4022.206,1076.83
3318.354,1978.64
3206.244,1361.078
3156.86,1419.764
3886.231,1064.725
3301.008,1306.683
4091.009,1612.319
3187.692,1344.289
4005.872,1215.971
3293.712,1308.397
3230.753,1474.468
3263.159,1492.089
3371.211,1299.172
3403.084,1311.226
4106.432,1347.095
3901.147,2087.938
3364.73,1281.835
3817.254,1726.223
4049.555,1213.763
3224.174,1466.974
3625.971,1318.033
4136.204,1790.349
3722.153,1270.057
3667.207,2176.312
3212.884,1338.863
3667.573,2193.515
3641.435,2181.775
3391.253,1302.116
3721.103,1272.123
3433.572,1331.791
3985.55,1302.764
3112.014,1580.128
4097.462,1347.096
3651.427,2188.674
3946.53,2042.303
3962.729,1052.773
3162.48,1672.266
3806.79,1975.91
3300.029,1930.519
3449.465,1316.037
3484.358,1324.689
3170.224,1287.891
4018.202,1347.596
3666.234,1311.087
4092.806,1715.925
3684.53,2162.583
3186.624,1293.449
3300.737,1931.739
3285.744,1891.29
3669.198,2198.099
3496.083,1327.164
3261.742,1329.922
3914.859,1041.525
3668.366,2190.541
3974.184,1277.501
3732.93,1769.104
3704.061,2179.462
3190.929,1345.214
3578.669,2142.247
3495.523,1316.221
4011.779,1081.807
3944.818,2042.827
3312.918,1474.073
3568.007,2140.415
3133.822,1278.723
3305.951,1949.047
3717.015,2196.92
3706.743,1781.362
3315.274,1316.221
3603.566,1328.861
3168.521,1316.141
3209.991,1349.808
3358.869,1320.243
3460.968,1335.842
4069.078,1351.832
3288.711,1831.334
3282.279,1901.751
3205.993,1456.96
4135.084,1359.665
3625.136,2180.149
3308.309,1462.129
3186.744,1322.255
3680.051,1315.205
3701.252,1683.162
4059.811,1119.042
3323.651,1285.156
3946.665,1684.21
3250.664,1375.713
3692.636,2164.076
3284.515,1838.123
3300.334,1932.581
4040.463,1211.325
3856.066,1586.12
3730.248,1303.86
3696.95,1735.561
3710.297,2163.797
3430.802,1330.365
3108.273,1454.11
3430.639,1320.669
3705.922,1832.572
3260.604,1385.152
3288.097,1383.691
3429.153,1320.787
3969.757,1305.483
3550.606,1342.252
3112.333,1547.377
3698.466,1241.214
3706.006,1238.002
3640.008,2177.118
3740.098,1532.663
3990.928,1331.218
3985.316,1072.314
3974.108,1308.098
3694.254,1810.239
3704.209,1314.087
3134.384,1285.997
3584.541,1324.879
3131.443,1635.13
3111.131,1520.28
3994.575,1290.329
3946.65,2051.881
3136.507,1481.432
3449.837,1311.264
3453.13,1317.112
3567.292,2150.101
4034.977,1285.241
3613.558,1316.944
3113.213,1433.485
3170.721,1704.485
3443.298,1335.007
3729.833,1609.581
4098.083,1355.859
3620.225,1307.436
3590.117,1813.757
3862.032,1095.239
3159.31,1693.031
3596.24,1329.018
3128.501,1646.55
3569.457,2150.095
4080.09,1539.302
4083.763,1370.186
3366.838,1571.154
3333.431,1314.024
3422.933,1326.976
3372.783,1294.788
3975.401,1306.312
3978.76,1336.744
3668.732,2204.42
3982.916,1644.146
3934.731,1038.623
4074.238,2022.785
3989.862,1285.764
3826.635,1554.609
3730.991,1582.13
3723.709,1224.416
3988.717,1232.206
3776.21,1625.717
3126.46,1617.522
3702.457,1314.721
3126.633,1268.044
3615.294,1314.282
3671.137,2168.057
3720.685,2170.141
3656.46,2174.735
3742.235,1533.87
3714.068,1228.784
3970.177,1324.852
3646.722,2181.673
3866.574,1092.234
4044.731,1104.457
4147.608,2026.761
3301.988,1935.054
3775.99,1625.648
3351.359,1293.269
3672.91,2188.291
3709.333,2198.456
3960.115,1065.984
3654.542,2182.483
3651.639,2194.072
4026.258,1200.459
3968.114,1268.215
3117.803,1568.852
4090.403,1343.931
3667.884,1739.866
4010.447,1250.806
3438.084,1336.02
3963.408,1710.278
3690.692,1281.606
4008.835,1252.794
4072.591,2021.285
3756.805,1723.459
3108.229,1414.165
3681.102,1276.16
4122.52,1789.459
3237.808,1770.943
3557.673,2157.313
3129.815,1218.236
3326.178,1987.947
3107.175,1451.147
3719.768,1296.821
3119.357,1566.497
3116.111,1215.469
3677.041,1284.375
3213.269,1464.056
3845.991,1420.12
3952.257,2031.06
3310.958,1935.819
4000.384,1088.828
3262.791,1495.57
3725.975,1581.114
4057.073,1151.993
3312.315,1858.912
3121.765,1600.979
3525.341,2150.798
3156.867,1273.179
3617.462,2185.43
3335.936,1313.921
3425.313,1320.601
4119.629,2026.269
3778.813,1743.352
3330.114,1986.337
3682.1,2162.637
3921.04,2070.308
3522.98,2148.093
3664.723,1776.324
3903.31,1074.089
3726.744,1505.997
4133.671,1361.622
4131.083,1360.97
3266.853,1378.262
3740.4,1642.287
3392.926,2078.121
3720.953,1295.484
3651.088,2134.348
3694.593,1275.079
3208.731,1455.898
4018.739,2007.141
3209.943,1465.017
3927.132,2061.316
3927.958,1718.794
3164.326,1275.72
4009.737,1331.803
4030.48,1192.019
3511.555,1332.117
3824.198,1571.032
3115.644,1426.518
